1.3573654890060425
1.499630093574524
1.5227625370025635
1.4927657842636108
1.4793199300765991
1.471760869026184
1.4657841920852661
1.4595468044281006
1.4423854351043701
1.4358179569244385
1.4309440851211548
1.4258443117141724
1.4215058088302612
1.4151498079299927
1.4121363162994385
1.4080764055252075
1.4069072008132935
1.4045624732971191
1.4011296033859253
1.3955522775650024
1.3951934576034546
1.3985990285873413
1.3959543704986572
1.3823765516281128
1.382034420967102
1.381792426109314
1.383216381072998
1.3790174722671509
1.3777925968170166
1.3762280941009521
1.3563042879104614
1.3668992519378662
1.3598411083221436
1.360642671585083
1.3627114295959473
1.3370106220245361
1.3392441272735596
1.3295859098434448
1.3308062553405762
1.3328227996826172
1.3366327285766602
1.3245753049850464
1.3235554695129395
1.3103302717208862
1.3115942478179932
1.3170188665390015
1.327506422996521
1.331661581993103
1.3142106533050537
1.3146485090255737
1.3257369995117188
