2.0221107006073
0.07581833750009537
0.08620893955230713
0.09243738651275635
0.0986843854188919
0.10006772726774216
0.09951410442590714
0.09915567189455032
0.10087956488132477
0.09808340668678284
0.10112857073545456
0.09991415590047836
0.10225123167037964
0.10184180736541748
0.10019130259752274
0.09940478205680847
0.10120827704668045
0.1012445017695427
0.10049859434366226
0.1014816015958786
0.0984882041811943
0.09954039752483368
0.10121053457260132
0.10045497864484787
0.10009462386369705
0.09887640923261642
0.0993369072675705
0.09849193692207336
0.09807939827442169
0.09836428612470627
0.09849070757627487
0.09725312143564224
0.09706272929906845
0.09657973051071167
0.0967683345079422
0.09635023772716522
0.09563717246055603
0.09481070190668106
0.09450618922710419
0.09385079145431519
0.09327492862939835
0.09296616166830063
0.09259138256311417
0.09223955124616623
0.09193946421146393
0.09173312038183212
0.09160378575325012
0.09151708334684372
0.0914783701300621
0.09145823866128922
0.0914553552865982
